-5.56357,-18.8732,-1.80157,0.183208,-0.0971665,0.97826,0.0178863,0.995268,0.0955061,45
-5.53469,-18.9522,-0.282639,0.844217,-0.0743527,0.530819,0.062944,0.997232,0.0395774,45
-5.52016,-19.0027,0.898308,0.932319,-0.105709,0.345844,0.09911,0.994397,0.0367649,45
-4.9771,-19.0709,1.57607,0.926337,-0.125611,-0.355135,0.117287,0.99208,-0.0449649,45
-4.12508,-19.146,1.78948,0.733106,-0.0457819,-0.678572,0.0335982,0.998951,-0.031099,45
-3.1604,-19.1613,1.94017,0.127305,-0.1114,-0.985588,0.0142706,0.993776,-0.110482,45
-2.13433,-19.1522,1.94095,-0.409446,-0.0971665,-0.907145,-0.0399736,0.995268,-0.0885632,45
-1.10113,-19.0945,1.86435,-0.706841,-0.102862,-0.699854,-0.0730951,0.994696,-0.0723726,45
-0.703843,-19.0884,0.938744,-0.978918,-0.136961,-0.151532,-0.135349,0.990576,-0.0209514,45
-0.198602,-19.0012,-0.239757,-0.944182,-0.136961,0.299602,-0.130546,0.990576,0.0414241,45
-0.463535,-18.4201,-1.14081,-0.839112,-0.395353,0.373614,-0.36117,0.918529,0.160811,45
-0.97547,-17.689,-1.60016,-0.313448,-0.660369,0.682396,-0.275642,0.750942,0.60009,45
-2.04814,-17.7103,-1.33358,-0.0296489,-0.696113,0.717319,-0.0287479,0.717932,0.69552,45
-2.52711,-18.4284,-0.5688,0.966276,-0.0343416,0.255207,0.033203,0.99941,0.00876939,45
-1.67999,-19.1453,0.398926,0.753106,0.541708,-0.373341,-0.485343,0.840567,0.240602,45
-0.372016,-19.3817,0.567106,0.507107,0.673167,-0.538227,-0.461626,0.73949,0.489955,45
1.05498,-19.0522,0.427903,-0.038986,0.732162,-0.680014,0.0419069,0.68113,0.730962,45
2.10738,-18.4894,0.313975,-0.520866,0.350207,-0.778494,0.194744,0.936672,0.291067,45
2.56811,-17.9627,-0.602107,-0.969926,-0.0400624,-0.240082,-0.0388888,0.999197,-0.00962601,45
2.71111,-17.9855,-1.45086,-0.785853,-0.379521,0.488261,-0.322366,0.925183,0.20029,45
2.09879,-17.9855,-1.92765,-0.136961,-0.405844,0.903622,-0.0608186,0.913943,0.401261,45
1.53879,-17.8769,-2.03115,0.582893,-0.246458,0.77427,0.148231,0.969153,0.196899,45
1.37355,-17.4081,-1.29884,0.868473,-0.44726,0.213806,0.434293,0.894404,0.106917,45
1.80688,-17.4759,-0.026433,0.257677,-0.595832,-0.760649,0.191172,0.803109,-0.564331,45
2.2533,-16.8934,0.624292,-0.0768604,-0.0286195,-0.996631,-0.00220061,0.99959,-0.0285348,45
2.67369,-16.6919,1.63709,-0.24443,0.760723,-0.601294,0.286474,0.649076,0.704722,45
3.56355,-16.7786,1.72123,-0.428952,0.898488,-0.093382,0.877925,0.438998,0.191123,45
4.24627,-16.8993,1.25461,-0.584509,0.627528,0.514352,0.4711,0.778594,-0.414555,45
4.30509,-16.762,0.463722,-0.291064,-0.165255,0.942323,-0.0487701,0.986251,0.157894,45
3.58986,-15.8882,-0.035504,0.254426,-0.747566,0.613524,0.286365,0.664187,0.690544,45
3.13564,-15.0296,0.409041,0.738074,-0.653896,0.166332,0.637898,0.756584,0.143756,45
2.2424,-14.9054,0.474932,0.78116,-0.519877,-0.345712,0.475401,0.854241,-0.210395,45
2.06575,-14.3933,0.622254,0.31998,-0.588915,-0.742154,0.233162,0.808195,-0.540792,45
2.08018,-13.5303,0.699845,-0.409502,-0.782565,-0.468936,-0.514741,0.622569,-0.589449,45
1.98916,-12.8446,0.650808,-0.449726,-0.882882,-0.13515,-0.845528,0.469594,-0.254095,45
2.34335,-11.9435,0.35171,-0.129952,-0.972728,0.192128,-0.54498,0.23195,0.805727,45
2.35371,-12.038,-0.32614,0.144587,-0.989455,0.00851077,0.987746,0.144838,0.0581411,45
1.66546,-13.1684,0.0807316,0.0347551,-0.981239,-0.189636,0.176888,0.192795,-0.965164,45
1.29372,-15.2496,-0.0270317,-0.1809,-0.962654,-0.201424,-0.643232,0.270733,-0.71621,45
0.916219,-17.4864,-0.46737,-0.392802,-0.787882,-0.474287,-0.502547,0.615826,-0.606799,45
0.295362,-18.4178,-1.62884,-0.889194,-0.454924,-0.0487608,-0.454242,0.89053,-0.0249093,45
-1.27314,-18.6857,-1.7069,-0.932177,-0.229779,0.279729,-0.220083,0.973243,0.0660429,45
-3.11898,-18.6927,-1.83142,-0.84193,-0.368904,0.393781,-0.334161,0.929467,0.156291,45
-4.24773,-18.5445,-1.76258,-0.954004,-0.246459,0.170687,-0.242607,0.969153,0.0434062,45
