-40.3975,-0.818565,-1.57352,0.995849,-0.00572464,-0.0908387,0.00570098,0.999984,-0.000520028,45
32.1887,-1.87759,12.7833,0.980895,-0.0143112,0.194011,0.0140392,0.999898,0.00277681,45
109.501,0.450844,22.0985,0.99234,0.0857647,0.0889141,-0.0854225,0.996315,-0.0076539,45
193.114,8.28224,23.3366,0.995522,0.0943168,0.00632529,-0.0943149,0.995542,-0.000599253,45
273.527,26.4369,29.2702,0.685044,-0.0457817,-0.727062,0.0313954,0.998951,-0.0333211,45
330.876,20.5648,-57.1511,-0.415304,-0.0686424,-0.907089,-0.0285749,0.997641,-0.062412,45
264.391,35.7037,-133.442,-0.966176,0.252001,-0.054756,0.251598,0.967727,0.0142588,45
194.899,54.0859,-133.907,-0.940906,0.257537,0.219932,0.250778,0.966268,-0.058618,45
131.875,70.6721,-114.909,-0.795324,0.263065,0.546129,0.21686,0.964778,-0.148912,45
88.5371,88.3754,-69.1432,-0.440747,0.296041,0.847409,0.136602,0.955175,-0.262641,45
74.511,107.267,-23.043,-0.138287,0.424072,0.895008,0.0647546,0.905628,-0.419099,45
67.6756,144.708,30.7793,-0.0572957,0.620819,0.781857,0.0453729,0.783954,-0.619159,45
69.2339,171.556,62.8613,0.763288,-0.0714976,0.64209,0.0547133,0.997441,0.0460257,45
132.1,168.97,93.6572,0.986527,-0.00858706,0.163371,0.00847169,0.999963,0.00140293,45
203.379,168.872,90.4035,0.808743,-0.0057248,-0.588135,0.00462997,0.999984,-0.00336701,45
230.632,167.361,51.023,0.352486,0.0629297,-0.933699,-0.46703,0.876434,-0.117241,45
230.283,177.316,-8.52505,-0.529338,0.00858681,-0.848367,-0.468492,0.830711,0.300723,45
189.695,178.775,-62.6961,-0.707378,0.0457813,-0.705351,-0.36612,0.82987,0.421035,45
151.523,209.764,-126.802,-0.909722,-0.257538,0.325701,-0.0137937,0.802719,0.596198,65
99.5536,210.994,-121.038,-0.491722,-0.55844,0.668098,0.173328,0.689137,0.703596,65
65.1649,195.762,-93.8669,-0.253848,-0.510062,0.821826,0.24952,0.786366,0.565127,65
88.145,166.721,-38.1884,-0.605057,-0.296042,0.739098,-0.110327,0.950522,0.290408,65
75.831,171.991,13.3738,-0.787434,-0.224203,0.574178,-0.216223,0.972782,0.0833172,65
48.5556,207.276,25.8876,-0.84767,-0.418881,0.325568,-0.486394,0.858657,-0.161643,65
-1.73217,224.31,42.6265,-0.789105,-0.579623,0.203349,-0.611933,0.770568,-0.178223,65
-36.0859,231.548,44.3513,-0.671659,-0.726287,-0.146221,-0.390643,0.514889,-0.763077,65
-92.8541,242.27,33.0069,-0.671659,-0.726287,-0.146221,-0.341817,0.478898,-0.80859,65
-172.375,219.722,30.2009,-0.946645,-0.315119,-0.067552,-0.167922,0.661194,-0.73118,65
-216.414,252.207,22.1046,-0.946645,-0.315119,-0.067552,-0.0883152,0.455234,-0.885981,65
-253.969,276.862,-10.7418,-0.766025,-0.287829,-0.57477,0.583313,0.0644533,-0.809686,65
-251.925,285.121,-44.662,0.859407,-0.229778,-0.456752,0.502118,0.210814,0.838711,65
-138.67,371.283,-36.4852,0.793617,-0.229778,-0.563359,0.605691,0.210814,0.767266,65
-51.1677,414.553,-11.9775,0.813432,-0.502658,-0.292684,0.432976,0.187256,0.881741,65
48.2471,455.819,-0.782397,0.590556,-0.773575,-0.229838,0.752271,0.424615,0.503777,65
154.613,457.494,-23.1952,0.568148,-0.810246,-0.143904,0.70855,0.39271,0.58629,102
228.57,457.789,-39.5307,0.207418,-0.975947,0.0671172,0.393638,0.146076,0.907585,102
255.13,445.114,7.0961,0.262956,-0.893403,0.36426,-0.25149,0.301025,0.919857,102
238.581,346.901,33.6279,-0.207517,-0.773575,0.598765,-0.871123,0.424615,0.246673,46
191.01,161.461,-4.47577,-0.0530319,-0.431834,0.900393,-0.30621,0.865257,0.396947,46
138.627,82.8491,9.88605,0.834942,-0.485237,0.259649,0.44995,0.87355,0.185622,46
79.0868,46.0779,30.369,0.921816,-0.384811,-0.0466582,0.386158,0.922116,0.0241462,46
